0.18110165669316278
0.1952979175554644
0.26226126365608826
0.20635011404239634
0.2561434248566474
0.22388079013960419
0.30148194088757424
0.2333605942677198
0.2536616152662562
0.23921179695421776
0.2694703274383995
0.20465736638774237
0.20555966779743798
0.20555966779743798
0.20555966779743798
0.28841538579154635
0.25405923525777657
0.25405923525777657
0.25405923525777657
0.25405923525777657
0.20408519059077182
0.3752674029603479
0.310275209333093
0.310275209333093
0.2735837475669025
0.2686073843891639
0.2686073843891639
0.2686073843891639
0.2686073843891639
0.2686073843891639
0.2686073843891639
0.3059237485502481
0.24195828075230338
0.24195828075230338
0.255927969050282
0.2817858793915838
0.2815287381259583
0.20650008150419416
0.22749194587482882
0.22174353548412798
0.3827347151083306
0.2163533060903456
0.3299789496395328
0.21035122297152856
0.19465505149995052
0.23542616160342633
0.15785346926782945
0.3078345906401741
0.3522374849498614
0.7079844073587884
0.24224665648137214
0.2153788262277729
0.2623337524279048
0.23146955485122572
0.26982453842401133
0.2762633442706587
0.23793317568430541
0.23042206109940297
0.3269611770467418
0.24674436005191502
0.2811766701899371
0.2597907730728019
0.2689162157581475
0.3035662350962078
0.3238444094346245
0.2721207447020126
0.2741590860854347
0.3377264375907586
0.20112237732446517
0.31505452731711986
0.4859199123173178
0.4065431683579659
0.294360451512028
0.3328475523304042
0.7421927048838888
0.3028803995634973
0.3028803995634973
0.3028803995634973
0.3028803995634973
0.3028803995634973
0.3028803995634973
0.3028803995634973
0.3028803995634973
0.3028803995634973
0.2321291032914832
0.3149589936440367
0.23551103656309688
0.2612581457646296
0.20663084096022247
0.20370266785061358
0.2780364015057951
0.2347666547029303
0.2247028695768601
0.267299899256318
0.209760077192275
0.20848450045872122
0.1864104814738994
0.18997418711721137
0.22135082137570353
0.2333964556992157
0.23011059481340865
0.2974629905928745
0.2523709636622805
0.2364707361400257
0.26370294040858805
0.1898173758792962
0.21672689534248502
0.20531372358768363
0.3836226982912885
0.32604496302494945
0.2424344328587741
0.1947189688816309
0.2309450699583285
0.25249718907969093
0.23783043110278168
0.23720022848104239
0.3022666003587182
0.34146373328097446
0.20474478117927258
0.1902981636147454
0.273240915928133
0.17152151797999127
0.3167479490360922
0.3423650327499444
0.30870222505218464
0.3297968573354135
0.16233980712363338
0.17120895305744047
0.24064560235785734
0.34397955534486296
0.4946445688322523
0.32061309694708207
0.20501919803112945
0.2366457924149359
0.21239246856775146
0.24957661952218593
0.16217440697910165
0.18292014326267325
0.19696182754777328
0.21935623710864682
0.2560452593833666
0.19720826768223912
0.19827946255558684
0.20787600881311766
0.24269660024943654
0.2296757267633095
0.21659138041023682
0.21102736505473166
0.28945794329920416
0.3929409848201542
0.2726879542080902
0.314213574039445
0.26866837408559047
0.22404674663506208
0.24499828214590313
0.21279209608608096
0.3093034620998086
0.2178656588127704
0.3396065508987689
0.22577551664937615
0.24745756440694797
0.2587405300218043
0.17449784552452713
0.2400587873746519
0.24683843910538372
0.20962758873795015
0.1978524464588587
0.201407508733371
0.27429970948826193
0.31802531475360934
0.21670456369513208
0.16887023350383965
0.40485115051887594
0.4565093661381947
0.34909028079598436
0.2090954261485796
0.24999261567344636
0.22371631176253085
0.2090126256142454
0.19553013014665413
0.18817744238324083
0.19520104691203993
0.19722838866560932
0.20121182440155547
0.2413239675918977
0.21528738321784435
0.22497029503171254
0.38862755910623736
0.2717618786096782
0.5153794354305993
0.32748448947070247
0.41639778936083777
0.25213261789257674
0.21185123082049132
0.24169900560441807
0.19625453844960733
0.28962130730178676
0.2164735493564134
0.22172783415429592
0.3594560064698354
0.19531069270301193
0.184615168664651
0.2047695864828878
0.25848989562121777
0.28059843626185915
0.26074488869736046
0.24781067079956431
0.26700946476588067
0.45545124101549594
0.20932766419623697
0.50451936271969
0.27823842296795614
0.43075737638421074
0.2997898199853789
0.2662373388326764
0.18176724421605203
0.24933901206295173
0.2454672301317086
0.2067871852496724
0.2446872564592973
0.2703719639435659
0.28288657953177376
0.197535019965111
0.32170884248506426
0.25421313904940385
0.2748515166668907
0.40991624285182404
0.21702606036865488
0.24893939439195797
0.20065587163307141
0.20490537654050095
0.20429065227893015
0.12095941615028286
0.27690242007161636
0.17848200352347418
0.21679221276863586
0.30743514684932455
1.3102049468495984
0.25819639187487503
0.2214428148149032
0.2252914963160705
0.20553861554272476
0.2989318722296991
0.20553861554272476
0.30267004079459425
0.23172559356289307
0.23383673958748127
0.23362539529024517
0.24717166603381904
0.36586071929181485
0.017460876747759986
0.13758174784438815
0.1604055728808779
0.24012817197300856
0.22982585271823303
0.14432108879648364
0.2676660764968864
0.16354931591192465
0.1718333962716688
0.22031245122270943
0.17777637389691153
0.17756131626247743
0.17756131626247743
0.17756131626247743
0.17756131626247743
0.17756131626247743
0.17756131626247743
0.19507796637845315
0.2651367354402147
0.09399841514993262
0.21603364138171147
0.24501264541416398
0.24501264541416398
0.21480334165419604
0.21480334165419604
0.21480334165419604
0.21480334165419604
0.21480334165419604
0.1821098916393115
0.21241730933094097
0.0735836197118648
0.1659516817419497
0.07374868567592295
0.061469963907415597
0.32582921470702386
0.39670737264378536
0.18948761707142203
0.3404319744118214
0.0894317423099777
0.02812597705484331
0.08064151550428189
0.07551630705949372
0.13670781115291555
0.2650567905042672
0.27484179546903964
0.24648044679761605
0.1435729721012545
0.21489720327752032
0.2533063709464743
0.09846256171668963
0.24387703213813497
0.27246204012801073
0.34787773959986384
0.29502870631897665
0.08612877546108481
0.0695750565638244
0.0847585511141021
0.17629323604283154
0.19807702500046903
0.25314698176856615
0.08829748159196167
0.12866209175056426
0.23823981994690047
0.2118438542676276
0.0600956258414909
0.2789682631526389
0.1883887702177173
0.1926037716071258
0.23008204778764735
0.21060124790586904
0.21060124790586904
0.38404308941507187
0.24848042703335932
0.15372170979567992
0.23750041977001063
0.3747563765592574
0.26870044048780345
0.28053899803090304
0.21279766739297074
0.24708784734862146
0.20618821306035426
0.24291067904161429
0.28695717928049463
0.1881344969773405
0.14036482188158084
0.038728870370235056
0.042682838754956626
0.14577880344037022
0.1333106341662635
0.13759045914128132
0.24595103251637934
0.13238765674832867
0.18344873877213239
0.19917532277503133
0.152532950954958
0.12941564799811486
0.17469576767465295
0.27605697007209945
0.3713785377394642
0.07085692962911364
0.2547390784082104
0.20105152149223157
0.22571506787349624
0.20777473337694066
0.24726723899758796
0.02474889292349698
0.2014468620706567
0.16927204927232423
0.2587741887027517
0.25134766485474347
0.14779117775598977
0.24142837244926835
0.2697247932620671
0.3545948116526419
0.09319971279398644
0.10020442704767643
0.25632597369834487
0.12228213609289308
0.082093417057126
0.13932211816674003
0.19733251438588895
0.2936381688235098
0.21018069449469137
0.20328576761617606
0.20451042362592028
0.2255786652317685
0.17351847579565358
0.23706241471493364
0.23706241471493364
0.05754595075950461
0.18966305881723539
0.17063687456332616
0.3000387905830402
0.20298769787850754
0.2738269731718617
0.2703590654654424
0.0462801061264668
0.019335055459682997
0.019335055459682997
0.30802983285928026
0.07285166953385727
0.26802551223162097
0.09047825510352063
0.1829085639949114
0.13607607578046096
0.16067706804934123
0.1224296170415747
0.1328722450682402
0.13351989498834363
0.09367408814422054
0.22336705358424128
0.20458625923273338
0.20092471042458643
0.14657806353113317
0.20722884884825302
0.18327175422080053
0.03047447969964792
0.13170403323388688
0.12489749227527214
0.1504198265889835
0.2301792787316055
0.1663759456140901
0.1988059213865089
0.1988059213865089
0.20024681357657173
0.24222463397373323
0.3023317912740478
0.05236978413722798
0.21495478261022632
0.18671323719422964
0.18671323719422964
0.17242350254413058
0.15088495407216934
0.17797143400112111
0.2606104926340385
0.2816604808895848
0.13045169097650228
0.1194979391622097
0.07056441212245942
0.12023059426907631
0.12873491229778883
0.05027542397872759
0.07594444347580562
0.0286065799867936
0.20491727352347525
0.19013304824408991
0.19135394382240425
0.26901471424524853
0.19822139388906723
0.24989326887343544
0.15117270807672986
0.18398510032662965
0.1572316607759808
0.21991170996229165
0.055164574019781934
0.06995101089868785
0.13932211816674003
0.13932211816674003
0.13932211816674003
0.13932211816674003
0.13932211816674003
0.06906423954211714
0.06906423954211714
0.13932211816674003
0.06906423954211714
0.13932211816674003
0.06906423954211714
0.13932211816674003
0.06906423954211714
0.13932211816674003
0.06906423954211714
0.13932211816674003
0.06906423954211714
0.13932211816674003
0.06906423954211714
0.13932211816674003
0.06906423954211714
0.13932211816674003
0.06906423954211714
0.13932211816674003
0.06906423954211714
0.13932211816674003
0.06906423954211714
0.13932211816674003
0.06906423954211714
0.13932211816674003
0.06906423954211714
0.13932211816674003
0.06906423954211714
0.13932211816674003
0.06906423954211714
0.13932211816674003
0.06906423954211714
0.13932211816674003
0.06906423954211714
0.13932211816674003
0.06906423954211714
0.13932211816674003
0.06906423954211714
0.13932211816674003
0.06906423954211714
0.13932211816674003
0.06906423954211714
0.13932211816674003
0.06906423954211714
0.13932211816674003
0.06906423954211714
0.13932211816674003
0.06906423954211714
0.13932211816674003
0.06906423954211714
0.13932211816674003
0.06906423954211714
0.13932211816674003
0.06906423954211714
0.13932211816674003
0.06906423954211714
0.13932211816674003
0.2939753878622433
0.1998679411137045
0.3035353762706577
0.14494423735683828
0.0758133702771739
0.3597787781398486
0.16494106362992406
0.07505780235082768
0.10388427950759979
0.022862165481555206
0.07910606475196226
0.10795543946820303
0.20004875714895856
0.08431038560450789
0.1778485064530017
0.2297625908480544
0.21853723592381152
0.07683273188980123
0.06087598938839785
0.0456820975348737
0.066107099146684
0.08947076359022178
0.06574221167651609
0.11635288674625399
0.12664250506779598
0.06941720521948438
0.09210767557298688
0.14618483102965218
0.09018828357307954
0.10651814991012519
0.13861115984255906
0.1386253073534738
0.13316415516994018
0.15036160787366964
0.10297506563242838
0.10836809377697693
0.09996953389349349
0.20504974236561532
0.26788803826850305
0.14603455394223205
0.047903558390826696
0.29632194114429233
0.22016345536907944
0.23625682168276374
0.3072933779215609
0.22837464616761124
0.268925508240664
0.19420801544089478
0.1914792812349173
0.30234337426467733
0.16806292678918017
0.20907064858458296
0.239937535990694
0.2718320246880171
0.17330662722079593
0.28620377589770385
0.23339159385547384
0.2267212026556401
0.3283452413602695
0.21145639518428702
0.35865066086161695
0.198908801360367
0.10725356847752386
0.2138619658963174
0.22442111831764536
0.23198881250647985
0.3538456324696149
0.0012715326171403984
0.0013849618821307275
0.0
0.0017113027288820212
0.000421591586547584
0.0
0.001149670977641374
0.00048157448462695794
0.26390558920915547
0.10478582697144859
0.15387773395860216
0.1061031948979582
0.25916841473146235
0.11809315046973792
0.13534866597917086
0.10234704229869586
0.18754939304557294
0.11136275267810879
0.2181928018877681
0.16605073524823044
0.1158088723796482
0.13133640998061688
0.27711194517187837
0.17948591011638979
0.24156285647472675
0.20729643498600173
0.16371655120519676
0.19641415393443776
0.14899584613405192
0.2810739624518698
0.17342164145639377
0.25303661708228226
0.2698614305184347
0.17266256922797737
0.30994795166260075
0.2540117871940438
0.1587323708031954
0.18008264113123523
0.3030816416978434
0.16481047824770323
0.19596850127149604
0.5218794056786706
1.3652765072995328
0.5228011214230753
0.3960785943507854
0.3702214504963969
0.4207064877321121
2.403182231777506
0.8989648745251182
0.5034281331075605
0.28044384523366456
0.37693387571864084
0.33569140872621767
0.4179399316677661
0.5598033619512044
0.5654297020435337
0.5505223173144126
0.47262011611477
0.38656282701690764
0.3804145650986916
0.332031093557018
0.3684520894239196
0.3738582332667714
0.2667991923506942
0.29590296577788855
0.2121635653788771
0.4051986458886473
0.19383562737551016
0.004169003158107068
0.0025203105564251546
0.009605358928836962
0.006323833718411363
0.0008580569020843336
0.00197314868327624
0.0023310513840673367
0.0018355183764042179
0.0007272722008225574
0.0013108606114735372
0.0032100113420244244
0.0012724542258238346
0.0046871549009348725
0.0030533638683393777
0.0015978128420892164
0.003819643805396083
0.1780504271611315
0.1780504271611315
0.23311032970548196
0.2279970400559385
0.23971666107343342
0.2263902543616202
0.25663475195404206
0.2523266483466186
0.2523266483466186
0.2523266483466186
0.2523266483466186
0.2523266483466186
0.2523266483466186
0.2523266483466186
0.2523266483466186
0.28199905720614543
0.1951642854363645
0.20410114777105517
0.19242931729936752
0.19242931729936752
0.19242931729936752
0.19242931729936752
0.19242931729936752
0.19242931729936752
0.19242931729936752
0.21476223223461852
0.21476223223461852
0.2197290287875061
0.23393826756703598
0.23393826756703598
0.23393826756703598
0.23393826756703598
0.23393826756703598
0.23393826756703598
0.23393826756703598
0.2746766509710807
0.3733405216494124
0.21447075378950126
0.21085563068738022
0.1976882812904175
0.24719891260032312
0.09701213844354466
0.09701213844354466
0.1237366537252314
0.35496625920097025
0.09134031226032063
0.04583736889050469
0.30947157680647236
0.6589652175587105
0.4053690704687233
0.40857776371667376
0.0018022668568968582
0.0025636629746273835
0.005799776969717044
0.002776554863738936
0.06339764400162014
0.013428436381344958
